1220.7 115
305.2 111.7
610.4 124.5
915.5 115.5
1525.9 110.7
1831.1 107.8
2136.2 115.9
2441.4 112.1
2746.6 107.2
3051.8 103.6
3356.9 102.5
3662.1 100.1
3967.3 104.9
4272.5 116.4
4577.6 103.1
4882.8 102.5
5188 97.8
5493.2 98.2
5798.3 98.9
6103.5 96.3
6408.7 95.9
6713.9 96.8
7019 95.3
7324.2 94.7
7629.4 98.9
7934.6 94.9
8239.7 92.2
8544.9 93.2
8850.1 92.1
9155.3 92.9
9460.4 92.4
9765.6 89.9
10070.8 89.8
10376 91.5
10681.2 90.3
10986.3 90.3
11291.5 90.5
11596.7 88.8
11901.9 87.7
12207 88.7
12512.2 89.5
12817.4 87.5
13122.6 87.1
13427.7 88.1
13732.9 88.7
14038.1 89
14343.3 88
14648.4 86.2
14953.6 87.1
15258.8 87.3
15564 86.2
15869.1 86.9
16174.3 87
16479.5 86.7
16784.7 86.7
17089.8 85.9
17395 87.4
17700.2 87.3
18005.4 86.1
18310.5 87
18615.7 84.3
18920.9 86.6
19226.1 85.6
19531.3 85.1
19836.4 86.3
20141.6 84.7
20446.8 84.4
20752 84.1
21057.1 83.3
21362.3 83.2
21667.5 82.6
21972.7 82.6
22277.8 82.6
22583 82.3
22888.2 83.3
23193.4 81.9
23498.5 82.4
23803.7 80
24108.9 80.5
24414.1 80.9
24719.2 79.8
25024.4 79.7
25329.6 80
25634.8 80.6
25939.9 80.1
26245.1 80.8
26550.3 77.8
26855.5 78.6
27160.6 79.2
27465.8 78.8
27771 78.9
28076.2 79.2
28381.3 78.7
28686.5 78.1
28991.7 77.6
29296.9 77.7
29602.1 78.6
29907.2 77.6
30212.4 76.8
30517.6 77.7
30822.8 76.8
31127.9 77
31433.1 77
31738.3 76.5
32043.5 77.2
32348.6 77.3
32653.8 75.9
32959 76.5
33264.2 76.6
33569.3 76
33874.5 75.8
34179.7 75.7
34484.9 76.4
34790 75.6
35095.2 75.9
35400.4 75.2
35705.6 75.1
36010.7 74.8
36315.9 74.6
36621.1 74
36926.3 74.1
37231.4 73.9
37536.6 74
37841.8 73.6
38147 72.8
38452.1 74.3
38757.3 74.4
39062.5 73.1
39367.7 73.6
39672.9 73.7
39978 74.1
40283.2 74.7
40588.4 73.6
40893.6 72.6
41198.7 74
41503.9 73.2
41809.1 73.2
42114.3 72.6
42419.4 72.7
42724.6 70.7
43029.8 71.9
43335 72
43640.1 73
43945.3 71.5
44250.5 70.7
44555.7 70.2
44860.8 70.6
45166 70.6
45471.2 71.4
45776.4 71.1
46081.5 70.7
46386.7 71.1
46691.9 72.2
46997.1 70.7
47302.2 70.4
47607.4 70
47912.6 70.2
48217.8 70
48522.9 71.7
48828.1 71.9
49133.3 70.9
49438.5 71.1
49743.7 71.1
50048.8 71.2
50354 70.2
50659.2 71.9
50964.4 71.9
51269.5 71.7
51574.7 72.2
51879.9 70.6
52185.1 71.4
52490.2 70.8
52795.4 71.4
53100.6 71.1
53405.8 71.8
53710.9 69.9
54016.1 69.2
54321.3 68.9
54626.5 69.6
54931.6 70.3
55236.8 69.8
55542 69.3
55847.2 68.9
56152.3 69.7
56457.5 70.6
56762.7 70.7
57067.9 69.1
57373 69.1
57678.2 68.8
57983.4 69
58288.6 69.2
58593.8 70.1
58898.9 69.9
59204.1 70.4
59509.3 71.3
59814.5 69.4
60119.6 71
60424.8 69.9
60730 69.7
61035.2 70
61340.3 70.3
61645.5 70.5
61950.7 70.3
62255.9 70
62561 70.1
62866.2 67.5
63171.4 67.9
63476.6 67.7
63781.7 66.8
64086.9 67.3
64392.1 67
64697.3 67.1
65002.4 66.6
65307.6 67.3
65612.8 66.7
65918 68.1
66223.1 66.9
66528.3 67.6
66833.5 67.1
67138.7 66.7
67443.8 67.8
67749 67.1
68054.2 67.1
68359.4 68
68664.6 67.6
68969.7 69.1
69274.9 68.3
69580.1 68.8
69885.3 68.3
70190.4 67.1
70495.6 67.4
70800.8 68.3
71106 66.8
71411.1 67
71716.3 65.7
72021.5 67.9
72326.7 66.4
72631.8 67.8
72937 67.6
73242.2 67.3
73547.4 66.7
73852.5 67.2
74157.7 68.5
74462.9 67.8
74768.1 68.2
75073.2 66.1
75378.4 67.1
75683.6 68.1
75988.8 67.3
76293.9 68.3
76599.1 67.5
76904.3 68.4
77209.5 66.9
77514.6 68.1
77819.8 69.2
78125 67.6
78430.2 66.8
78735.4 66.5
79040.5 68
79345.7 66.1
79650.9 65.5
79956.1 64.9
80261.2 66
80566.4 65.9
80871.6 65.7
81176.8 66.8
81481.9 66.1
81787.1 66
82092.3 65.5
82397.5 64.7
82702.6 65.1
83007.8 66.9
83313 67.2
83618.2 64.9
83923.3 67.6
84228.5 65.5
84533.7 64.6
84838.9 64.6
85144 64.5
85449.2 64.7
85754.4 64
86059.6 64.9
86364.7 63.7
86669.9 63.9
86975.1 64.6
87280.3 64.3
87585.4 64.8
87890.6 64.9
88195.8 66.4
88501 65.1
88806.2 64.5
89111.3 65
89416.5 66
89721.7 65.6
90026.9 66.6
90332 65.9
90637.2 64.9
90942.4 65
91247.6 67
91552.7 67.5
91857.9 65.4
92163.1 67.5
92468.3 67.4
92773.4 64.8
93078.6 65.8
93383.8 63.2
93689 66.5
93994.1 65.1
94299.3 64.4
94604.5 63.2
94909.7 62.5
95214.8 61.6
95520 63
95825.2 64.7
96130.4 61.4
96435.5 64.1
96740.7 63.1
97045.9 61.7
97351.1 62.1
97656.3 62.5
97961.4 62.2
98266.6 62.5
98571.8 62.3
98877 61.9
99182.1 62.2
99487.3 63.1
99792.5 64
100097.7 62.6
100402.8 61.4
100708 62.5
101013.2 63.2
101318.4 61.7
101623.5 63
101928.7 63.9
102233.9 62.2
102539.1 63.2
102844.2 60.8
103149.4 62
103454.6 62.6
103759.8 61
104064.9 61.3
104370.1 62.2
104675.3 61.7
104980.5 60.2
105285.6 61
105590.8 62.1
105896 62
106201.2 61.1
106506.3 62.6
106811.5 61.8
107116.7 61.9
107421.9 60.4
107727.1 60.6
108032.2 61.3
108337.4 61.6
108642.6 62.1
108947.8 60.9
109252.9 60.9
109558.1 61
109863.3 62.1
110168.5 63
110473.6 62.3
110778.8 61.5
111084 62
111389.2 63.3
111694.3 63.1
111999.5 61.1
112304.7 61.3
112609.9 60.1
112915 60.3
113220.2 62.9
113525.4 61.3
113830.6 62
114135.7 60.6
114440.9 60.8
114746.1 60.6
115051.3 60.6
115356.4 59.8
115661.6 59.8
115966.8 59.1
116272 59.1
116577.1 59.3
116882.3 58.6
117187.5 58.3
117492.7 59.5
117797.9 58.4
118103 59.3
118408.2 59.4
118713.4 59.8
119018.6 59.5
119323.7 59.7
119628.9 59.2
119934.1 59.7
120239.3 58.8
120544.4 58.8
120849.6 59.2
121154.8 59
121460 58.9
121765.1 59.3
122070.3 59.9
122375.5 59.7
122680.7 59
122985.8 57.8
123291 57.6
123596.2 57.3
123901.4 57.6
124206.5 59.1
124511.7 58
124816.9 59.2
125122.1 59.7
125427.2 58.4
125732.4 58.5
126037.6 57.8
126342.8 59.1
126647.9 58.2
126953.1 58.5
127258.3 58.8
127563.5 57.8
127868.7 57.4
128173.8 58.8
128479 58.3
128784.2 58.1
129089.4 57.9
129394.5 57.5
129699.7 57.7
130004.9 57.6
130310.1 57.8
130615.2 58.4
130920.4 57.4
131225.6 58
131530.8 58
131835.9 57.4
132141.1 57.9
132446.3 59.3
132751.5 57.2
133056.6 57
133361.8 57.5
133667 57
133972.2 56.5
134277.3 58.9
134582.5 57.9
134887.7 57.9
135192.9 57.6
135498 57.1
135803.2 56
136108.4 57.3
136413.6 56.8
136718.8 57.2
137023.9 58.2
137329.1 58.4
137634.3 56.5
137939.5 56.6
138244.6 57.4
138549.8 56.8
138855 56.9
139160.2 57.9
139465.3 57.8
139770.5 58.2
140075.7 57.4
140380.9 57.1
140686 57.2
140991.2 57.9
141296.4 57.6
141601.6 58.3
141906.7 57.8
142211.9 55.9
142517.1 57.6
142822.3 56.6
143127.4 57.3
143432.6 56.7
143737.8 57.3
144043 57.6
144348.1 57.8
144653.3 57.8
144958.5 56.4
145263.7 55.3
145568.8 57.3
145874 56.6
146179.2 57.1
146484.4 55.9
146789.6 55.9
147094.7 56.9
147399.9 56.5
147705.1 56.3
148010.3 55.5
148315.4 57
148620.6 57.1
148925.8 56.4
149231 57
149536.1 57.4
149841.3 57.6
150146.5 58.2
150451.7 56.7
150756.8 57.4
151062 56.9
151367.2 57.4
151672.4 58
151977.5 57.2
152282.7 57.5
152587.9 57.2
152893.1 57.6
153198.2 56.5
153503.4 57.4
153808.6 57.8
154113.8 56.9
154418.9 57.3
154724.1 56.3
155029.3 57.6
155334.5 57.4
155639.6 57.1
155944.8 58.4
156250 57.2
156555.2 57.9
156860.4 56.9
157165.5 57.5
157470.7 57.7
157775.9 57.4
158081.1 57.5
158386.2 56.4
158691.4 57.7
158996.6 56.6
159301.8 56.7
159606.9 58
159912.1 57.6
160217.3 58
160522.5 56.6
160827.6 57
161132.8 56
161438 56.8
161743.2 56.3
162048.3 57.6
162353.5 56.1
162658.7 58.1
162963.9 56.9
163269 57.2
163574.2 56.5
163879.4 57.2
164184.6 55.7
164489.7 55.5
164794.9 56.7
165100.1 55.9
165405.3 56.6
165710.4 55.6
166015.6 56.5
166320.8 56.3
166626 57.5
166931.2 57
167236.3 56.9
167541.5 58.1
167846.7 56.4
168151.9 57
168457 55.8
168762.2 55.7
169067.4 56.4
169372.6 56
169677.7 55.6
169982.9 55.4
170288.1 56.2
170593.3 56.1
170898.4 56.6
171203.6 55.6
171508.8 55.8
171814 54.6
172119.1 55.4
172424.3 54.7
172729.5 55.2
173034.7 55
173339.8 55
173645 56
173950.2 55.7
174255.4 55.2
174560.5 55.3
174865.7 54.8
175170.9 55.9
175476.1 56.6
175781.3 55
176086.4 55.4
176391.6 55
176696.8 54.4
177002 54.5
177307.1 55.3
177612.3 54.3
177917.5 56
178222.7 56.3
178527.8 55.3
178833 55.8
179138.2 55.6
179443.4 55.6
179748.5 56.2
180053.7 54.7
180358.9 54.6
180664.1 55.4
180969.2 56
181274.4 56.3
181579.6 54.3
181884.8 56
182189.9 56.1
182495.1 56
182800.3 54.9
183105.5 55.5
183410.6 56.4
183715.8 55.1
184021 54.9
184326.2 55.3
184631.3 55.9
184936.5 55.3
185241.7 55.2
185546.9 54.3
185852.1 55.4
186157.2 55.1
186462.4 56.2
186767.6 54.8
187072.8 54.9
187377.9 55.8
187683.1 55.5
187988.3 55.1
188293.5 55.2
188598.6 55.4
188903.8 55.9
189209 55.1
189514.2 56
189819.3 55.3
190124.5 55
190429.7 55.3
190734.9 54.6
191040 54.4
191345.2 55
191650.4 53.9
191955.6 54.1
192260.7 54.3
192565.9 54.7
192871.1 54.2
193176.3 53.9
193481.4 56
193786.6 53.8
194091.8 54.9
194397 55.6
194702.1 54.7
195007.3 56
195312.5 55.9
195617.7 55.7
195922.9 54.6
196228 55
196533.2 54.2
196838.4 54.5
197143.6 55.1
197448.7 55.2
197753.9 54.6
198059.1 54
198364.3 55.7
198669.4 55.8
198974.6 58.3
199279.8 54.7
199585 56.7
199890.1 55.7
